4294967278,544
4294967279,356
4294967279,355
4294967278,543
4294967278,542
4294967279,354
4294967279,353
62,4
62,3
62,2
62,1
61,4
61,3
61,2
61,1
60,6
60,5
60,4
60,3
60,2
60,1
59,5
59,4
59,3
59,2
59,1
4294967279,352
4294967279,351
58,4
58,3
58,2
58,1
4294967279,350
4294967278,541
57,4
57,3
57,2
57,1
4294967279,349
56,6
56,5
56,4
56,3
56,2
56,1
55,5
55,4
55,3
55,2
55,1
4294967279,348
4294967278,540
4294967278,539
4294967278,538
4294967279,347
4294967279,346
54,4
54,3
54,2
54,1
53,4
53,3
53,2
53,1
52,6
52,5
52,4
52,3
52,2
52,1
51,5
51,4
51,3
51,2
51,1
4294967278,537
4294967278,536
50,4
50,3
50,2
50,1
4294967279,345
4294967278,535
4294967278,534
4294967279,344
4294967279,343
4294967279,342
4294967278,533
4294967279,341
49,4
4294967278,532
49,3
49,2
49,1
4294967278,531
4294967279,340
4294967278,530
4294967279,339
4294967278,529
4294967279,338
48,6
4294967278,528
48,5
4294967279,337
48,4
4294967278,527
48,3
48,2
48,1
4294967278,526
4294967279,336
47,5
47,4
47,3
47,2
47,1
4294967278,525
4294967279,335
4294967278,524
4294967279,334
4294967279,333
4294967278,523
46,4
46,3
46,2
46,1
4294967279,332
45,4
45,3
45,2
45,1
44,6
44,5
44,4
44,3
44,2
44,1
4294967278,522
43,5
43,4
43,3
43,2
43,1
4294967279,331
4294967278,521
4294967279,330
42,4
42,3
42,2
42,1
41,4
41,3
41,2
41,1
40,6
40,5
40,4
40,3
40,2
40,1
39,5
39,4
39,3
39,2
39,1
4294967278,520
4294967279,329
4294967278,519
4294967279,328
38,4
38,3
38,2
38,1
4294967294,972
4294967278,518
37,4
37,3
37,2
37,1
36,6
36,5
36,4
36,3
36,2
36,1
4294967279,327
35,5
35,4
35,3
35,2
35,1
4294967278,517
4294967279,326
4294967278,516
34,4
34,3
34,2
34,1
4294967279,325
4294967278,515
33,4
33,3
33,2
33,1
32,6
32,5
32,4
32,3
32,2
32,1
31,5
31,4
31,3
31,2
31,1
4294967278,514
4294967278,513
4294967279,324
4294967293,131
4294967293,130
4294967293,129
4294967293,128
4294967293,127
4294967293,126
4294967293,125
4294967293,124
4294967293,123
4294967293,122
4294967293,121
4294967293,120
4294967293,119
4294967293,118
4294967293,117
4294967293,116
4294967293,115
4294967293,114
4294967293,113
4294967293,112
4294967293,111
4294967293,110
4294967293,109
4294967293,108
4294967293,107
4294967293,106
4294967293,105
4294967293,104
4294967293,103
4294967293,102
4294967293,101
4294967293,100
4294967293,99
4294967293,98
4294967293,97
4294967293,96
4294967293,95
4294967293,94
4294967293,93
4294967293,92
4294967293,91
4294967293,90
4294967293,89
4294967293,88
4294967293,87
4294967293,86
4294967293,85
4294967293,84
4294967293,83
4294967293,82
4294967293,81
4294967293,80
4294967293,79
4294967293,78
4294967293,77
4294967293,76
4294967293,75
4294967293,74
4294967293,73
4294967293,72
4294967293,71
4294967293,70
4294967293,69
4294967293,68
4294967293,67
4294967293,66
4294967293,65
4294967293,64
4294967293,63
4294967293,62
4294967293,61
4294967293,60
4294967293,59
4294967293,58
4294967293,57
4294967293,56
4294967293,55
4294967293,54
4294967293,53
4294967293,52
4294967293,51
4294967293,50
4294967293,49
4294967293,48
4294967293,47
4294967293,46
4294967293,45
4294967293,44
4294967293,43
4294967293,42
4294967293,41
4294967293,40
4294967293,39
4294967293,38
4294967293,37
4294967293,36
4294967293,35
4294967293,34
4294967293,33
4294967293,32
4294967293,31
4294967293,30
4294967293,29
4294967293,28
4294967293,27
4294967293,26
4294967293,25
4294967293,24
4294967293,23
4294967293,22
4294967293,21
4294967293,20
4294967293,19
4294967293,18
4294967293,17
4294967293,16
4294967293,15
4294967293,14
4294967293,13
4294967293,12
